002-general-VOR2-MD200_206	21.56723;0.1;-5.876732	0.6435003;0.6435003;0.6435003
007-general-VSI-united_instruments_7000	-2.520318;3;1.72323	0.6900001;0.6900001;0.6900001
011-general-RMI_520_3117_303	14.36121;3;1.59523	0.7365004;0.7365004;0.7365004	
012-senecaV-v1-generator_amps[0]	-0.8687663;3;10.56423	0.3250005;0.3250005;0.3250005
015-general-brakes_indicator-design_01	-4.162302;3;10.50803	0.28;0.28;0.28
017-general-elevator_trim-design_01	-8.105456;3;9.032639	0.5750004;0.5750004;0.5750004
021-general-flap_indicator_40deg-desgin_01	-10.57327;3;9.047153	0.5000005;0.5000005;0.5000005
024-general-ADI-KI256	6.12297;3;-5.054605	0.7020001;0.7020001;0.7020001
026-general-vsalt_indicators-design_01	5.634955;3;10.9549	0.2570004;0.2570004;0.2570004
040-senecaII-v1-oil_temp[0]	-4.146008;3;8.756228	0.3250004;0.3250004;0.3250004
0441-arrow-oil-press	-0.8729561;3;8.804059	0.3250004;0.3250004;0.3250004
042-senecaII-v1-fuel[0]	-0.853551;3;7.011844	0.3250005;0.3250005;0.3250005
047-senecaII-v1-fuel[1]	-4.149751;3;6.996017	0.3250005;0.3250005;0.3250005
070-general-annunciator-KA285	6.071813;3;-8.550821	0.6000004;0.6000004;0.6000004
108-Arrow-warnings	-5.130014;-10;-10.85008	0.9250001;0.9250001;0.125
103-Arrow-RPM	21.6273;0.1;8.318944	0.5550001;0.5550001;0.5550001
105-Arrow-EGT	-9.353781;0.3;1.529296	0.4500001;0.4500001;0.4500001
102-Arrow-Airspeed	14.41322;0.2;-5.852737	0.655;0.655;0.655
104-Arrow-Gyro	-9.33777;0.2;-3.453035	0.4500001;0.4500001;0.4500001
111-general_altimeter_v2	-2.52295;0.1;-5.800515	0.6250003;0.8250002;0.6250003
107-general-DME	6.181499;0.1;-0.1282375	0.2;0.7000003;0.2
110-general-clock_LC_2_WM	17.72876;0.1;-10.27023	0.075;0.075;0.075
112-general-turn_coordinator-new	21.60721;0.3;1.569804	0.6750004;0.6750004;0.6750004
113-HSI-PUC-FACA	6.156389;0.1;4.644552	0.7000003;0.7000003;0.7000003
114-general-magnetic_compass-model2	-9.348314;0.2;-8.058301	0.5250005;0.5250005;0.5250005
106-Arrow-Manifold-FuelFLow	14.54964;0.1;8.351002	0.5700001;0.5700001;0.5700001
004-general-thermometer-design_01	-9.413713;3;5.079735	0.2750004;0.2750004;0.2750004
